=== skchr_orchd2_1: 刚射 ===
Parameter                                           SL1       SL2       SL3       SL4       SL5       SL6       SL7        M1        M2        M3
-------------------------------------------------------------------------------------------------------------------------------------------------
atk_scale_1                                         0.8      0.85       0.9       1.0       1.1      1.15       1.2       1.3      1.45       1.6
atk_scale_2                                         1.2       1.2       1.2       1.4       1.4       1.4       1.6       1.8       1.8       2.0
stun_prob                                           0.2       0.2       0.2       0.2       0.2       0.2       0.2       0.2       0.2       0.2
stun                                                2.0       2.0       2.0       2.0       2.0       2.0       2.0       2.0       2.0       2.0

=== skchr_orchd2_2: 飞翔瞪射 ===
Parameter                                           SL1       SL2       SL3       SL4       SL5       SL6       SL7        M1        M2        M3
-------------------------------------------------------------------------------------------------------------------------------------------------
attack@atk_scale_loop                               1.2      1.25       1.3      1.35       1.4      1.45       1.5       1.6       1.7       1.8
attack@atk_scale_end                                2.4      2.45       2.5      2.55       2.6      2.65       2.7       2.8       2.9       3.0
attack@fly_height                                   0.4       0.4       0.4       0.4       0.4       0.4       0.4       0.4       0.4       0.4
attack@fly_duration                                 0.2       0.2       0.2       0.2       0.2       0.2       0.2       0.2       0.2       0.2
attack@fly_end_duration                             0.2       0.2       0.2       0.2       0.2       0.2       0.2       0.2       0.2       0.2

=== skchr_orchd2_3: 龙之箭 ===
Parameter                                           SL1       SL2       SL3       SL4       SL5       SL6       SL7        M1        M2        M3
-------------------------------------------------------------------------------------------------------------------------------------------------
atk_scale                                           1.8       2.0       2.2       2.4       2.6       2.8       3.0       3.2       3.4       3.6
atk_scale_magic                                     0.2       0.2       0.2       0.3       0.3       0.3       0.4      0.45       0.5       0.6
wait_duration                                       3.0       3.0       3.0       3.0       3.0       3.0       3.0       3.0       3.0       3.0
dist_interval                                      0.25      0.25      0.25      0.25      0.25      0.25      0.25      0.25      0.25      0.25
max_dist                                           99.0      99.0      99.0      99.0      99.0      99.0      99.0      99.0      99.0      99.0
force                                               1.0       1.0       1.0       1.0       1.0       1.0       1.0       1.0       1.0       2.0
knockback_duration                                  1.0       1.0       1.0       1.0       1.0       1.0       1.0       1.0       1.0       1.0
