=== skchr_closur_1: 递归策略 ===
Parameter                                           SL1       SL2       SL3       SL4       SL5       SL6       SL7        M1        M2        M3
-------------------------------------------------------------------------------------------------------------------------------------------------
cost                                                3.0       3.0       3.0       3.0       3.0       3.0       3.0       3.0       3.0       3.0
cost_per_add                                        1.0       1.0       1.0       1.0       1.0       1.0       1.0       1.0       1.0       1.0
cost_add_max                                        5.0       5.0       5.0       6.0       6.0       6.0       7.0       7.0       7.0       7.0
shield_cnt                                          1.0       1.0       1.0       1.0       1.0       1.0       1.0       1.0       1.0       1.0

=== skchr_closur_2: 模型扩展 ===
Parameter                                           SL1       SL2       SL3       SL4       SL5       SL6       SL7        M1        M2        M3
-------------------------------------------------------------------------------------------------------------------------------------------------
cost                                                5.0       5.0       5.0       6.0       6.0       6.0       7.0       8.0       9.0      10.0
cost_return                                         0.4       0.4       0.4       0.4       0.4       0.4       0.4       0.4       0.4       0.4
block_cnt                                           1.0       1.0       1.0       1.0       1.0       1.0       1.0       1.0       1.0       1.0
def                                                0.15       0.2      0.25       0.3      0.35       0.4      0.45       0.5      0.55       0.6
atk                                                0.25       0.3      0.35       0.4      0.45       0.5      0.55       0.6       0.7       0.8
attack@max_target                                   2.0       2.0       2.0       2.0       2.0       2.0       2.0       2.0       2.0       2.0
cost_period                                        15.0      15.0      15.0      15.0      15.0      15.0      15.0      15.0      15.0      15.0
closur_s_2[add_cost_period].cost                    1.0       1.0       1.0       1.0       1.0       1.0       1.0       1.0       1.0       1.0
closur_s_2[add_cost_period].interval                2.0       2.0       2.0       2.0       2.0       2.0       2.0       2.0       2.0       2.0

=== skchr_closur_3: Q.E.D. ===
Parameter                                           SL1       SL2       SL3       SL4       SL5       SL6       SL7        M1        M2        M3
-------------------------------------------------------------------------------------------------------------------------------------------------
p0                                                  512       512       512       512       512       512       512       512       512       512
p1                                                  480       480       480       480       480       480       480       480       480       480
attack_trigger_cnt                                  9.0       9.0       9.0       9.0       9.0       9.0       9.0       9.0       9.0       9.0
max_trigger_cnt                                     6.0       6.0       6.0       6.0       6.0       6.0       6.0       6.0       6.0       6.0
attack@atk_scale                                    1.1       1.2       1.3       1.5       1.6       1.7       1.9       2.1       2.3       2.5
base_attack_time                                   -0.5      -0.5      -0.5      -0.5      -0.5      -0.5      -0.5      -0.5      -0.5      -0.5
attack@slow_down                                   0.03      0.03      0.03      0.04      0.04      0.04      0.05      0.05      0.05      0.06
attack@slow_down_time                               3.0       3.0       3.0       3.0       3.0       3.0       3.0       3.0       3.0       3.0
attack@max_stack_cnt                               10.0      10.0      10.0      10.0      10.0      10.0      10.0      10.0      10.0      10.0
attack@slow_down_max                                0.3       0.3       0.3       0.4       0.4       0.4       0.5       0.5       0.5       0.6
cost_period                                        18.0      18.0      18.0      18.0      18.0      18.0      18.0      18.0      18.0      18.0
closur_s_3[add_cost_period].cost                    1.0       1.0       1.0       1.0       1.0       1.0       1.0       1.0       1.0       1.0
closur_s_3[add_cost_period].interval               1.66      1.66      1.66      1.66      1.66      1.66      1.66      1.66      1.66      1.66
